#Layer_Color=16711935
#
#Feature symbol names
#
$0 r7.874
$1 r2
$2 r5

#
#Feature attribute names
#

#
#Layer features
#
A 0.6896299 0.49 0.6896299 0.49 0.479 0.49 0 P 0 N
L 0.166 0.15 0.166 0.863 2 P 0
L 0.166 0.15 0.441 0.15 2 P 0
L 0.166 0.152 0.166 0.865 1 P 0
L 0.166 0.152 0.441 0.152 1 P 0
L 0.166 0.1671284 0.1811284 0.152 1 P 0
L 0.166 0.1756652 0.441 0.4506652 1 P 0
L 0.166 0.1954127 0.2094127 0.152 1 P 0
L 0.166 0.2039495 0.441 0.4789495 1 P 0
L 0.166 0.223697 0.237697 0.152 1 P 0
L 0.166 0.2322338 0.441 0.5072338 1 P 0
L 0.166 0.2519813 0.2659813 0.152 1 P 0
L 0.166 0.2605181 0.441 0.5355181 1 P 0
L 0.166 0.2802656 0.2942656 0.152 1 P 0
L 0.166 0.2888024 0.441 0.5638024 1 P 0
L 0.166 0.3085499 0.3225499 0.152 1 P 0
L 0.166 0.3170867 0.441 0.5920867 1 P 0
L 0.166 0.3368342 0.3508342 0.152 1 P 0
L 0.166 0.345371 0.441 0.620371 1 P 0
L 0.166 0.3651185 0.3791185 0.152 1 P 0
L 0.166 0.3736553 0.441 0.6486553 1 P 0
L 0.166 0.3934028 0.4074028 0.152 1 P 0
L 0.166 0.4019396 0.441 0.6769396 1 P 0
L 0.166 0.4216868 0.4356868 0.152 1 P 0
L 0.166 0.4302239 0.441 0.7052239 1 P 0
L 0.166 0.4499711 0.441 0.1749711 1 P 0
L 0.166 0.4585082 0.441 0.7335082 1 P 0
L 0.166 0.4782554 0.441 0.2032554 1 P 0
L 0.166 0.4867925 0.441 0.7617925 1 P 0
L 0.166 0.5065397 0.441 0.2315397 1 P 0
L 0.166 0.5150768 0.441 0.7900768 1 P 0
L 0.166 0.534824 0.441 0.259824 1 P 0
L 0.166 0.5433611 0.441 0.8183611 1 P 0
L 0.166 0.5631083 0.441 0.2881083 1 P 0
L 0.166 0.5716454 0.441 0.8466454 1 P 0
L 0.166 0.5913926 0.441 0.3163926 1 P 0
L 0.166 0.5999297 0.4310703 0.865 1 P 0
L 0.166 0.6196769 0.441 0.3446769 1 P 0
L 0.166 0.628214 0.402786 0.865 1 P 0
L 0.166 0.6479612 0.441 0.3729612 1 P 0
L 0.166 0.6564983 0.3745017 0.865 1 P 0
L 0.166 0.6762455 0.441 0.4012455 1 P 0
L 0.166 0.6847826 0.3462174 0.865 1 P 0
L 0.166 0.7045298 0.441 0.4295298 1 P 0
L 0.166 0.7130669 0.3179331 0.865 1 P 0
L 0.166 0.7328141 0.441 0.4578141 1 P 0
L 0.166 0.7413512 0.2896488 0.865 1 P 0
L 0.166 0.7610984 0.441 0.4860984 1 P 0
L 0.166 0.7696355 0.2613645 0.865 1 P 0
L 0.166 0.7893827 0.441 0.5143827 1 P 0
L 0.166 0.7979198 0.2330802 0.865 1 P 0
L 0.166 0.817667 0.441 0.542667 1 P 0
L 0.166 0.8262041 0.2047959 0.865 1 P 0
L 0.166 0.8459513 0.441 0.5709513 1 P 0
L 0.166 0.8544884 0.1765116 0.865 1 P 0
L 0.166 0.865 0.44 0.865 1 P 0
L 0.1706191 0.152 0.441 0.4223809 1 P 0
L 0.1706191 0.152 0.441 0.4223809 1 P 0
L 0.1752356 0.865 0.441 0.5992356 1 P 0
L 0.1989034 0.152 0.441 0.3940966 1 P 0
L 0.2035199 0.865 0.441 0.6275199 1 P 0
L 0.2271877 0.152 0.441 0.3658123 1 P 0
L 0.2318042 0.865 0.441 0.6558042 1 P 0
L 0.255472 0.152 0.441 0.337528 1 P 0
L 0.2600885 0.865 0.441 0.6840885 1 P 0
L 0.2837563 0.152 0.441 0.3092437 1 P 0
L 0.2883728 0.865 0.441 0.7123728 1 P 0
L 0.3120406 0.152 0.441 0.2809594 1 P 0
L 0.3166571 0.865 0.441 0.7406571 1 P 0
L 0.3403249 0.152 0.441 0.2526751 1 P 0
L 0.3449414 0.865 0.441 0.7689414 1 P 0
L 0.3686092 0.152 0.441 0.2243908 1 P 0
L 0.3732257 0.865 0.441 0.7972257 1 P 0
L 0.3968935 0.152 0.441 0.1961065 1 P 0
L 0.40151 0.865 0.441 0.82551 1 P 0
L 0.4251778 0.152 0.441 0.1678222 1 P 0
L 0.4297943 0.865 0.441 0.8537943 1 P 0
L 0.441 0.15 0.441 0.865 2 P 0
L 0.441 0.152 0.441 0.8634013 1 P 0
